mu	x_P	x_E	y_E	t_c
1.4142135623730951	1.0	0.0930465232616308	0.4217108554277138	0.37974761687530617
1.4142135623730951	1.0	0.09254627313656828	0.4217108554277138	0.387139619286619
1.4142135623730951	1.0	0.09204602301150575	0.4212106053026513	0.36584153320770696
1.4142135623730951	1.0	0.09154577288644322	0.4212106053026513	0.36889485261581195
1.4142135623730951	1.0	0.09104552276138068	0.4212106053026513	0.3722832043237653
1.4142135623730951	1.0	0.09054527263631815	0.4212106053026513	0.3761699827486308
1.4142135623730951	1.0	0.09004502251125562	0.4212106053026513	0.3809156059235215
1.4142135623730951	1.0	0.08954477238619309	0.4212106053026513	0.3877922683333304
1.4142135623730951	1.0	0.08904452226113056	0.42071035517758876	0.36688462842758357
1.4142135623730951	1.0	0.08854427213606803	0.42071035517758876	0.3697866252354953
1.4142135623730951	1.0	0.0880440220110055	0.42071035517758876	0.37298253425256417
1.4142135623730951	1.0	0.08754377188594296	0.42071035517758876	0.37660218555801644
1.4142135623730951	1.0	0.08704352176088044	0.42071035517758876	0.3809099870606763
1.4142135623730951	1.0	0.0865432716358179	0.42071035517758876	0.38665842201237005
1.4142135623730951	1.0	0.08604302151075537	0.4202101050525262	0.3673012162179627
1.4142135623730951	1.0	0.08554277138569284	0.4202101050525262	0.3700028057942732
1.4142135623730951	1.0	0.0850425212606303	0.4202101050525262	0.3729437597780404
1.4142135623730951	1.0	0.08454227113556778	0.4202101050525262	0.3762143924723148
1.4142135623730951	1.0	0.08404202101050524	0.4202101050525262	0.37997969298530576
1.4142135623730951	1.0	0.08354177088544272	0.4202101050525262	0.3846118593617173
1.4142135623730951	1.0	0.08304152076038018	0.4202101050525262	0.3915221040150672
1.4142135623730951	1.0	0.08254127063531766	0.4197098549274637	0.3696219919707275
1.4142135623730951	1.0	0.08204102051025512	0.4197098549274637	0.3722784817899072
1.4142135623730951	1.0	0.08154077038519258	0.4197098549274637	0.37517550708166075
1.4142135623730951	1.0	0.08104052026013006	0.4197098549274637	0.37840613727802125
1.4142135623730951	1.0	0.08054027013506752	0.4197098549274637	0.38214312248088284
1.4142135623730951	1.0	0.080040020010005	0.4197098549274637	0.38678840037691314
1.4142135623730951	1.0	0.07953976988494246	0.4197098549274637	0.39404486295790236
1.4142135623730951	1.0	0.07903951975987994	0.41920960480240116	0.3711097383010014
1.4142135623730951	1.0	0.0785392696348174	0.41920960480240116	0.3736488957284203
1.4142135623730951	1.0	0.07803901950975488	0.41920960480240116	0.3764063386282486
1.4142135623730951	1.0	0.07753876938469234	0.41920960480240116	0.37946170925991435
1.4142135623730951	1.0	0.0770385192596298	0.41920960480240116	0.38295748751071235
1.4142135623730951	1.0	0.07653826913456728	0.41920960480240116	0.38720262391570226
1.4142135623730951	1.0	0.07603801900950474	0.41920960480240116	0.393233183110977
1.4142135623730951	1.0	0.07553776888444222	0.41870935467733866	0.37176582720707535
1.4142135623730951	1.0	0.07503751875937968	0.41870935467733866	0.3741238055257818
1.4142135623730951	1.0	0.07453726863431716	0.41870935467733866	0.37666042356143015
1.4142135623730951	1.0	0.07403701850925462	0.41870935467733866	0.3794324069002895
1.4142135623730951	1.0	0.0735367683841921	0.41870935467733866	0.38253362716227446
1.4142135623730951	1.0	0.07303651825912956	0.41870935467733866	0.38614174735982404
1.4142135623730951	1.0	0.07253626813406702	0.41870935467733866	0.39068654648333256
1.4142135623730951	1.0	0.0720360180090045	0.41870935467733866	0.39832819294239896
1.4142135623730951	1.0	0.07153576788394196	0.4182091045522761	0.37378453650350574
1.4142135623730951	1.0	0.07103551775887944	0.4182091045522761	0.3760536751301245
1.4142135623730951	1.0	0.0705352676338169	0.4182091045522761	0.37849121143267717
1.4142135623730951	1.0	0.07003501750875438	0.4182091045522761	0.3811495620141297
1.4142135623730951	1.0	0.06953476738369184	0.4182091045522761	0.3841145582018985
1.4142135623730951	1.0	0.06903451725862932	0.4182091045522761	0.387545858621229
1.4142135623730951	1.0	0.06853426713356678	0.4182091045522761	0.39181642595402055
1.4142135623730951	1.0	0.06803401700850424	0.4182091045522761	0.398530135146877
1.4142135623730951	1.0	0.06753376688344172	0.41770885442721356	0.37474727981556233
1.4142135623730951	1.0	0.06703351675837918	0.41770885442721356	0.3768507979125684
1.4142135623730951	1.0	0.06653326663331666	0.41770885442721356	0.37909317482536287
1.4142135623730951	1.0	0.06603301650825412	0.41770885442721356	0.3815127418516839
1.4142135623730951	1.0	0.0655327663831916	0.41770885442721356	0.38416875265908734
1.4142135623730951	1.0	0.06503251625812906	0.41770885442721356	0.3871619265597201
1.4142135623730951	1.0	0.06453226613306653	0.41770885442721356	0.3906916218811068
1.4142135623730951	1.0	0.064032016008004	0.41770885442721356	0.3952885162468338
1.4142135623730951	1.0	0.06353176588294146	0.41720860430215106	0.37469977531408605
1.4142135623730951	1.0	0.06303151575787894	0.41720860430215106	0.37658306502012606
1.4142135623730951	1.0	0.0625312656328164	0.41720860430215106	0.37856726894826254
1.4142135623730951	1.0	0.062031015507753876	0.41720860430215106	0.38067511540412596
1.4142135623730951	1.0	0.06153076538269134	0.41720860430215106	0.3829389537603402
1.4142135623730951	1.0	0.06103051525762881	0.41720860430215106	0.38540761247990124
1.4142135623730951	1.0	0.06053026513256628	0.41720860430215106	0.3881611934372614
1.4142135623730951	1.0	0.06003001500750375	0.41720860430215106	0.3913491108806238
1.4142135623730951	1.0	0.059529764882441216	0.41720860430215106	0.39532221793268807
1.4142135623730951	1.0	0.059029514757378686	0.41720860430215106	0.40161992007604197
1.4142135623730951	1.0	0.058529264632316155	0.4167083541770885	0.37711350893435003
1.4142135623730951	1.0	0.058029014507253625	0.4167083541770885	0.37889819547499975
1.4142135623730951	1.0	0.057528764382191094	0.4167083541770885	0.3807755345116654
1.4142135623730951	1.0	0.05702851425712856	0.4167083541770885	0.3827659492253406
1.4142135623730951	1.0	0.056528264132066026	0.4167083541770885	0.3848982640861264
1.4142135623730951	1.0	0.056028014007003496	0.4167083541770885	0.38721548499800224
1.4142135623730951	1.0	0.055527763881940966	0.4167083541770885	0.38978697292972553
1.4142135623730951	1.0	0.055027513756878435	0.4167083541770885	0.3927386013743849
1.4142135623730951	1.0	0.054527263631815905	0.4167083541770885	0.3963505419928501
1.4142135623730951	1.0	0.054027013506753374	0.4167083541770885	0.4016379147765153
1.4142135623730951	1.0	0.053526763381690844	0.41620810405202596	0.37797914365092544
1.4142135623730951	1.0	0.05302651325662831	0.41620810405202596	0.37957823099540333
1.4142135623730951	1.0	0.052526263131565776	0.41620810405202596	0.38124655443674405
1.4142135623730951	1.0	0.052026013006503245	0.41620810405202596	0.3829971915470708
1.4142135623730951	1.0	0.051525762881440715	0.41620810405202596	0.38484766795975367
1.4142135623730951	1.0	0.051025512756378184	0.41620810405202596	0.3868223964224736
1.4142135623730951	1.0	0.050525262631315654	0.41620810405202596	0.3889571570409181
1.4142135623730951	1.0	0.05002501250625312	0.41620810405202596	0.3913081957050557
1.4142135623730951	1.0	0.04952476238119059	0.41620810405202596	0.3939735559687817
1.4142135623730951	1.0	0.04902451225612806	0.41620810405202596	0.3971558892895653
1.4142135623730951	1.0	0.04852426213106553	0.41620810405202596	0.4014521787174605
1.4142135623730951	1.0	0.048024012006002995	0.41570785392696347	0.37872967338714475
1.4142135623730951	1.0	0.047523761880940464	0.41570785392696347	0.38013069769154717
1.4142135623730951	1.0	0.047023511755877934	0.41570785392696347	0.38157962689892216
1.4142135623730951	1.0	0.0465232616308154	0.41570785392696347	0.3830840243597424
1.4142135623730951	1.0	0.04602301150575287	0.41570785392696347	0.3846535176509708
1.4142135623730951	1.0	0.04552276138069034	0.41570785392696347	0.3863006760350016
1.4142135623730951	1.0	0.04502251125562781	0.41570785392696347	0.38804243282553924
1.4142135623730951	1.0	0.04452226113056528	0.41570785392696347	0.3899025330364941
1.4142135623730951	1.0	0.04402201100550275	0.41570785392696347	0.39191608465167266
1.4142135623730951	1.0	0.04352176088044022	0.41570785392696347	0.39413895835075563
1.4142135623730951	1.0	0.04302151075537768	0.41570785392696347	0.396670387061441
1.4142135623730951	1.0	0.04252126063031515	0.41570785392696347	0.3997224421812423
1.4142135623730951	1.0	0.04202101050525262	0.41570785392696347	0.40397616721047824
1.4142135623730951	1.0	0.04152076038019009	0.4152076038019009	0.3800886810634103
1.4142135623730951	1.0	0.04102051025512756	0.4152076038019009	0.38129377227601297
1.4142135623730951	1.0	0.04052026013006503	0.4152076038019009	0.3825300728688734
1.4142135623730951	1.0	0.0400200100050025	0.4152076038019009	0.383801740593689
1.4142135623730951	1.0	0.03951975987993997	0.4152076038019009	0.3851138486755864
1.4142135623730951	1.0	0.03901950975487744	0.4152076038019009	0.3864726907923067
1.4142135623730951	1.0	0.0385192596298149	0.4152076038019009	0.3878862297706598
1.4142135623730951	1.0	0.03801900950475237	0.4152076038019009	0.3893647823656491
1.4142135623730951	1.0	0.03751875937968984	0.4152076038019009	0.3909221119770809
1.4142135623730951	1.0	0.03701850925462731	0.4152076038019009	0.3925772717906145
1.4142135623730951	1.0	0.03651825912956478	0.4152076038019009	0.39435794287347414
1.4142135623730951	1.0	0.03601800900450225	0.4152076038019009	0.39630708160229977
1.4142135623730951	1.0	0.03551775887943972	0.4152076038019009	0.3984980573046419
1.4142135623730951	1.0	0.03501750875437719	0.4152076038019009	0.40107709044072765
1.4142135623730951	1.0	0.03451725862931466	0.4152076038019009	0.40443853171157934
1.4142135623730951	1.0	0.03401700850425212	0.41470735367683836	0.3809348223900772
1.4142135623730951	1.0	0.03351675837918959	0.41470735367683836	0.3819012029271788
1.4142135623730951	1.0	0.03301650825412706	0.41470735367683836	0.38288177365198667
1.4142135623730951	1.0	0.03251625812906453	0.41470735367683836	0.3838780094974972
1.4142135623730951	1.0	0.032016008004002	0.41470735367683836	0.38489161712737613
1.4142135623730951	1.0	0.03151575787893947	0.41470735367683836	0.38592458778705674
1.4142135623730951	1.0	0.031015507753876938	0.41470735367683836	0.3869792665443878
1.4142135623730951	1.0	0.030515257628814404	0.41470735367683836	0.3880584445620088
1.4142135623730951	1.0	0.030015007503751873	0.41470735367683836	0.3891654844707385
1.4142135623730951	1.0	0.029514757378689343	0.41470735367683836	0.3903044945560541
1.4142135623730951	1.0	0.029014507253626812	0.41470735367683836	0.39148057710212747
1.4142135623730951	1.0	0.02851425712856428	0.41470735367683836	0.3927001933937423
1.4142135623730951	1.0	0.028014007003501748	0.41470735367683836	0.3939717199895396
1.4142135623730951	1.0	0.027513756878439218	0.41470735367683836	0.39530633469674203
1.4142135623730951	1.0	0.027013506753376687	0.41470735367683836	0.39671950711453624
1.4142135623730951	1.0	0.026513256628314157	0.41470735367683836	0.3982336883949424
1.4142135623730951	1.0	0.026013006503251623	0.41470735367683836	0.3998836397516896
1.4142135623730951	1.0	0.025512756378189092	0.41470735367683836	0.4017284705390699
1.4142135623730951	1.0	0.02501250625312656	0.41470735367683836	0.40388493423320443
1.4142135623730951	1.0	0.02451225612806403	0.41470735367683836	0.40666096136199226
1.4142135623730951	1.0	0.024012006003001497	0.41420710355177587	0.3821031023911838
1.4142135623730951	1.0	0.023511755877938967	0.41420710355177587	0.38277578585196487
1.4142135623730951	1.0	0.023011505752876436	0.41420710355177587	0.3834477152797086
1.4142135623730951	1.0	0.022511255627813906	0.41420710355177587	0.38411888211764605
1.4142135623730951	1.0	0.022011005502751375	0.41420710355177587	0.38478927667654056
1.4142135623730951	1.0	0.02151075537768884	0.41420710355177587	0.38545888801096034
1.4142135623730951	1.0	0.02101050525262631	0.41420710355177587	0.386127703778188
1.4142135623730951	1.0	0.02051025512756378	0.41420710355177587	0.3867957100770071
1.4142135623730951	1.0	0.02001000500250125	0.41420710355177587	0.387462891263014
1.4142135623730951	1.0	0.01950975487743872	0.41420710355177587	0.38812922973625325
1.4142135623730951	1.0	0.019009504752376186	0.41420710355177587	0.38879470569644264
1.4142135623730951	1.0	0.018509254627313655	0.41420710355177587	0.38945929685975483
1.4142135623730951	1.0	0.018009004502251125	0.41420710355177587	0.39012297813007785
1.4142135623730951	1.0	0.017508754377188594	0.41420710355177587	0.3907857212160973
1.4142135623730951	1.0	0.01700850425212606	0.41420710355177587	0.391447494183394
1.4142135623730951	1.0	0.01650825412706353	0.41420710355177587	0.3921082609286944
1.4142135623730951	1.0	0.016008004002001	0.41420710355177587	0.3927679805599923
1.4142135623730951	1.0	0.015507753876938469	0.41420710355177587	0.39342660666244067
1.4142135623730951	1.0	0.015007503751875937	0.41420710355177587	0.3940840864251384
1.4142135623730951	1.0	0.014507253626813406	0.41420710355177587	0.39474035959708076
1.4142135623730951	1.0	0.014007003501750874	0.41420710355177587	0.3953953572327397
1.4142135623730951	1.0	0.013506753376688344	0.41420710355177587	0.3960490001764258
1.4142135623730951	1.0	0.013006503251625811	0.41420710355177587	0.3967011972206909
1.4142135623730951	1.0	0.01250625312656328	0.41420710355177587	0.39735184285504827
1.4142135623730951	1.0	0.012006003001500749	0.41420710355177587	0.39800081449622043
1.4142135623730951	1.0	0.011505752876438218	0.41420710355177587	0.3986479690573175
1.4142135623730951	1.0	0.011005502751375688	0.41420710355177587	0.3992931386679092
1.4142135623730951	1.0	0.010505252626313155	0.41420710355177587	0.3999361252939084
1.4142135623730951	1.0	0.010005002501250625	0.41420710355177587	0.40057669392036377
1.4142135623730951	1.0	0.009504752376188093	0.41420710355177587	0.4012145638398203
1.4142135623730951	1.0	0.009004502251125562	0.41420710355177587	0.4018493974198933
1.4142135623730951	1.0	0.00850425212606303	0.41420710355177587	0.40248078548416716
1.4142135623730951	1.0	0.0080040020010005	0.41420710355177587	0.40310822809705354
1.4142135623730951	1.0	0.007503751875937968	0.41420710355177587	0.4037311090481883
1.4142135623730951	1.0	0.007003501750875437	0.41420710355177587	0.40434866161222954
1.4142135623730951	1.0	0.006503251625812906	0.41420710355177587	0.40495992210956894
1.4142135623730951	1.0	0.006003001500750374	0.41420710355177587	0.40556366626210927
1.4142135623730951	1.0	0.005502751375687844	0.41420710355177587	0.4061583211198646
1.4142135623730951	1.0	0.0050025012506253125	0.41420710355177587	0.4067418421924796
1.4142135623730951	1.0	0.004502251125562781	0.41420710355177587	0.40731154118652885
1.4142135623730951	1.0	0.00400200100050025	0.41420710355177587	0.4078638446791995
1.4142135623730951	1.0	0.0035017508754377185	0.41420710355177587	0.4083939598289367
1.4142135623730951	1.0	0.003001500750375187	0.41420710355177587	0.4088954254705592
1.4142135623730951	1.0	0.0025012506253126563	0.41420710355177587	0.4093595508084134
1.4142135623730951	1.0	0.002001000500250125	0.41420710355177587	0.40977482315510033
1.4142135623730951	1.0	0.0015007503751875936	0.41420710355177587	0.4101265560801814
1.4142135623730951	1.0	0.0010005002501250625	0.41420710355177587	0.41039737683857186
1.4142135623730951	1.0	0.0005002501250625312	0.41420710355177587	0.41056941635492283
1.4142135623730951	1.0	0.0	0.41420710355177587	0.4106285785039757
